{
 "cells": [
  {
   "cell_type": "code",
   "id": "initial_id",
   "metadata": {
    "collapsed": true,
    "ExecuteTime": {
     "end_time": "2024-11-15T06:54:48.695427Z",
     "start_time": "2024-11-15T06:54:42.210220Z"
    }
   },
   "source": [
    "import joblib\n",
    "# from sympy.core.parameters import distribute\n",
    "\n",
    "model = joblib.load('model/mlp_model.pkl')"
   ],
   "outputs": [],
   "execution_count": 1
  },
  {
   "metadata": {
    "ExecuteTime": {
     "end_time": "2024-11-15T06:56:01.018771Z",
     "start_time": "2024-11-15T06:56:01.009858Z"
    }
   },
   "cell_type": "code",
   "source": "model.get_params()",
   "id": "b8d126b9d17486ff",
   "outputs": [
    {
     "data": {
      "text/plain": [
       "{'activation': 'relu',\n",
       " 'alpha': 0.01,\n",
       " 'batch_size': 'auto',\n",
       " 'beta_1': 0.9,\n",
       " 'beta_2': 0.999,\n",
       " 'early_stopping': False,\n",
       " 'epsilon': 1e-08,\n",
       " 'hidden_layer_sizes': (700,),\n",
       " 'learning_rate': 'constant',\n",
       " 'learning_rate_init': 0.001,\n",
       " 'max_fun': 15000,\n",
       " 'max_iter': 300,\n",
       " 'momentum': 0.9,\n",
       " 'n_iter_no_change': 10,\n",
       " 'nesterovs_momentum': True,\n",
       " 'power_t': 0.5,\n",
       " 'random_state': 42,\n",
       " 'shuffle': True,\n",
       " 'solver': 'adam',\n",
       " 'tol': 0.0001,\n",
       " 'validation_fraction': 0.1,\n",
       " 'verbose': 3,\n",
       " 'warm_start': False}"
      ]
     },
     "execution_count": 2,
     "metadata": {},
     "output_type": "execute_result"
    }
   ],
   "execution_count": 2
  },
  {
   "metadata": {
    "ExecuteTime": {
     "end_time": "2024-11-10T03:59:21.211735Z",
     "start_time": "2024-11-10T03:58:09.391099Z"
    }
   },
   "cell_type": "code",
   "source": [
    "import pandas as pd\n",
    "from sklearn.feature_extraction.text import TfidfVectorizer\n",
    "df = pd.read_csv(\"../final_dataset.csv\")\n",
    "\n",
    "X = df.review_text\n",
    "num_features = 3000\n",
    "vect = TfidfVectorizer(max_features=num_features)\n",
    "X_train_dtm = vect.fit_transform(X)\n",
    "\n",
    "# 为每条评论添加原始行号\n",
    "df = df.reset_index()\n",
    "\n",
    "# 按 game_id 进行分组，并计算每组的评论数量和下标范围\n",
    "comment_summary = df.groupby('app_id').agg(\n",
    "    count=('index', 'size'),\n",
    "    start_index=('index', 'min'),\n",
    "    end_index=('index', 'max')\n",
    ").reset_index()\n",
    "# 打印结果\n",
    "print(comment_summary)"
   ],
   "id": "3e3807ed61fa363c",
   "outputs": [
    {
     "name": "stdout",
     "output_type": "stream",
     "text": [
      "    app_id  count  start_index  end_index\n",
      "0       10  11505            0      11504\n",
      "1      240  17181       872609     889789\n",
      "2      400  16144      1403849    1419992\n",
      "3      440  12112      1447712    1459823\n",
      "4      550  50306      1518978    1569283\n",
      "..     ...    ...          ...        ...\n",
      "81  359550  17529      1287924    1305452\n",
      "82  363970  14105      1305453    1319557\n",
      "83  381210  18428      1319558    1337985\n",
      "84  383870  14370      1337986    1352355\n",
      "85  391540  51493      1352356    1403848\n",
      "\n",
      "[86 rows x 4 columns]\n"
     ]
    }
   ],
   "execution_count": 15
  },
  {
   "metadata": {
    "ExecuteTime": {
     "end_time": "2024-11-10T04:45:16.331878Z",
     "start_time": "2024-11-10T04:05:20.968360Z"
    }
   },
   "cell_type": "code",
   "source": [
    "# get emotion distributes\n",
    "emotion_distributes=[]\n",
    "for i in comment_summary.itertuples():\n",
    "    emo_distribute = [int(i.app_id), 0, 0, 0, 0, 0, 0, 0, 0, 0, 0] # [0.0,0.1), [0.1,0.2), ...[0.9, 1.0]\n",
    "    for j in range(i.count):\n",
    "        result = model.predict_proba(X_train_dtm[int(i.start_index)+j])\n",
    "        # print(result[0][0])\n",
    "        if result[0][0] == 1.0:\n",
    "            emo_distribute[10] += 1\n",
    "        else:\n",
    "            index = int(result[0][0]*10)\n",
    "            emo_distribute[index+1] += 1\n",
    "    emotion_distributes.append(emo_distribute)             "
   ],
   "id": "d0e26915aa4ffd86",
   "outputs": [
    {
     "data": {
      "text/plain": [
       "[[10, 8090, 1869, 796, 485, 126, 51, 50, 14, 11, 13],\n",
       " [240, 12746, 2422, 925, 495, 262, 129, 83, 51, 51, 17],\n",
       " [400, 12487, 2319, 772, 318, 105, 72, 51, 14, 5, 1],\n",
       " [440, 9232, 1493, 634, 323, 199, 94, 64, 45, 19, 9],\n",
       " [550, 40385, 5871, 2135, 925, 443, 270, 148, 80, 37, 12],\n",
       " [570, 49409, 11653, 4417, 2600, 1348, 827, 370, 209, 149, 67],\n",
       " [620, 30199, 5027, 1837, 820, 337, 170, 89, 51, 7, 9],\n",
       " [1250, 17878, 2300, 827, 379, 192, 90, 48, 31, 13, 2],\n",
       " [4000, 21739, 3552, 1109, 645, 315, 183, 128, 35, 11, 2],\n",
       " [8190, 11743, 1485, 501, 249, 144, 80, 45, 18, 4, 2],\n",
       " [8870, 25729, 3212, 1054, 476, 198, 109, 66, 32, 9, 1],\n",
       " [22380, 26993, 3408, 1171, 704, 245, 110, 66, 23, 16, 3],\n",
       " [48700, 21776, 2720, 894, 471, 171, 99, 63, 43, 15, 5],\n",
       " [49520, 17368, 2260, 797, 390, 148, 68, 58, 25, 16, 0],\n",
       " [50300, 9724, 1243, 420, 180, 93, 52, 34, 14, 7, 0],\n",
       " [104900, 9309, 1343, 411, 203, 107, 58, 27, 13, 10, 3],\n",
       " [105600, 66223, 10201, 3858, 2042, 902, 457, 293, 160, 75, 23],\n",
       " [107100, 12889, 1106, 367, 152, 71, 30, 25, 10, 5, 1],\n",
       " [107410, 25386, 3892, 1399, 646, 264, 172, 83, 40, 13, 3],\n",
       " [113200, 16678, 2113, 710, 349, 155, 105, 60, 25, 13, 6],\n",
       " [113400, 9476, 1572, 586, 352, 146, 113, 76, 40, 20, 26],\n",
       " [200510, 16064, 1954, 693, 379, 160, 123, 62, 23, 16, 4],\n",
       " [200710, 9613, 1574, 624, 326, 165, 167, 58, 22, 5, 4],\n",
       " [201810, 10217, 843, 288, 145, 85, 42, 23, 23, 5, 2],\n",
       " [203770, 10917, 1258, 496, 225, 105, 56, 41, 20, 15, 1],\n",
       " [204360, 11955, 1604, 625, 301, 162, 65, 35, 19, 10, 8],\n",
       " [205100, 15403, 1807, 694, 366, 120, 74, 28, 12, 7, 2],\n",
       " [206420, 13312, 2004, 716, 405, 160, 74, 54, 26, 17, 5],\n",
       " [206440, 12041, 1240, 408, 205, 93, 50, 28, 17, 3, 3],\n",
       " [211820, 7841, 771, 303, 141, 60, 34, 21, 6, 9, 2],\n",
       " [212680, 21489, 2412, 774, 459, 264, 144, 78, 48, 25, 4],\n",
       " [214490, 8715, 785, 280, 130, 56, 31, 16, 14, 7, 3],\n",
       " [218230, 16350, 2339, 896, 432, 200, 132, 62, 25, 25, 12],\n",
       " [218620, 64798, 11217, 4570, 2530, 1424, 950, 651, 533, 468, 264],\n",
       " [219150, 15413, 1811, 663, 335, 164, 116, 41, 32, 13, 3],\n",
       " [219640, 17118, 2294, 775, 457, 235, 111, 78, 46, 25, 12],\n",
       " [219740, 12907, 1754, 584, 290, 152, 86, 51, 30, 12, 2],\n",
       " [220200, 10835, 959, 357, 170, 75, 41, 11, 3, 6, 2],\n",
       " [221640, 9526, 917, 293, 129, 77, 38, 20, 9, 3, 1],\n",
       " [222880, 21997, 2417, 853, 481, 216, 162, 76, 42, 31, 9],\n",
       " [223470, 8624, 1039, 306, 157, 72, 53, 13, 17, 11, 1],\n",
       " [224260, 13007, 1752, 619, 335, 142, 84, 43, 26, 9, 2],\n",
       " [225080, 11484, 1267, 413, 199, 120, 66, 51, 14, 10, 1],\n",
       " [227300, 17148, 1861, 539, 262, 114, 47, 21, 19, 7, 1],\n",
       " [227940, 3435, 497, 193, 88, 69, 34, 27, 11, 11, 1],\n",
       " [230410, 38011, 5378, 2127, 1079, 538, 281, 159, 92, 35, 13],\n",
       " [231430, 8293, 1369, 520, 374, 175, 115, 88, 58, 32, 10],\n",
       " [232090, 2539, 325, 99, 47, 22, 12, 13, 8, 1, 0],\n",
       " [232430, 9428, 983, 371, 163, 112, 47, 29, 15, 6, 4],\n",
       " [233450, 5625, 596, 195, 110, 42, 28, 16, 8, 1, 0],\n",
       " [234140, 9724, 804, 264, 122, 84, 29, 13, 16, 6, 0],\n",
       " [237930, 9127, 723, 259, 123, 61, 27, 22, 12, 7, 0],\n",
       " [238320, 9515, 1005, 433, 181, 88, 50, 31, 23, 6, 3],\n",
       " [238460, 13015, 1317, 438, 214, 85, 49, 19, 22, 3, 1],\n",
       " [238960, 15121, 3183, 1285, 772, 449, 282, 139, 72, 30, 9],\n",
       " [239030, 9302, 973, 377, 285, 107, 94, 29, 15, 2, 0],\n",
       " [239140, 12321, 1230, 493, 249, 128, 82, 63, 33, 32, 21],\n",
       " [239820, 12063, 937, 289, 137, 60, 26, 13, 5, 2, 0],\n",
       " [242920, 10960, 1486, 516, 311, 191, 115, 63, 41, 17, 0],\n",
       " [244850, 129, 13, 5, 1, 0, 0, 0, 0, 0, 0],\n",
       " [250320, 8627, 1130, 364, 180, 102, 41, 27, 20, 5, 0],\n",
       " [250900, 18664, 2631, 900, 461, 200, 137, 59, 32, 21, 4],\n",
       " [252490, 1, 0, 0, 0, 0, 0, 0, 0, 0, 0],\n",
       " [252950, 45502, 4934, 1659, 912, 335, 165, 101, 42, 30, 6],\n",
       " [255710, 15608, 1696, 615, 454, 264, 189, 114, 50, 21, 3],\n",
       " [264710, 1, 1, 0, 0, 0, 0, 0, 0, 0, 0],\n",
       " [265630, 7551, 1757, 435, 212, 94, 66, 40, 24, 19, 6],\n",
       " [265930, 20638, 2020, 673, 387, 201, 74, 61, 13, 3, 2],\n",
       " [268500, 9301, 759, 272, 159, 90, 38, 27, 9, 10, 4],\n",
       " [271590, 32833, 5095, 1964, 968, 483, 263, 133, 89, 46, 15],\n",
       " [273350, 12446, 1664, 626, 349, 233, 110, 77, 35, 38, 5],\n",
       " [275850, 21273, 1903, 662, 293, 165, 81, 51, 34, 17, 4],\n",
       " [282070, 9431, 814, 311, 159, 55, 35, 27, 9, 6, 0],\n",
       " [287700, 12878, 1548, 445, 268, 108, 60, 50, 31, 19, 15],\n",
       " [292030, 26550, 2952, 1194, 491, 236, 116, 63, 29, 14, 1],\n",
       " [304050, 14919, 2262, 795, 432, 187, 116, 61, 50, 10, 5],\n",
       " [311210, 18846, 2996, 1143, 593, 332, 144, 92, 49, 31, 10],\n",
       " [322330, 4949, 682, 266, 140, 52, 30, 16, 14, 7, 1],\n",
       " [333930, 14364, 2022, 805, 430, 229, 116, 85, 61, 23, 20],\n",
       " [346900, 10799, 1433, 491, 244, 152, 70, 53, 41, 21, 5],\n",
       " [359320, 10774, 960, 336, 167, 116, 47, 35, 20, 9, 5],\n",
       " [359550, 14099, 1967, 758, 355, 172, 92, 55, 13, 14, 4],\n",
       " [363970, 11156, 1757, 539, 266, 153, 99, 70, 39, 20, 6],\n",
       " [381210, 16109, 1363, 491, 225, 99, 58, 38, 30, 14, 1],\n",
       " [383870, 12520, 1116, 392, 162, 90, 53, 16, 12, 5, 4],\n",
       " [391540, 43955, 4501, 1515, 719, 352, 206, 113, 83, 38, 11]]"
      ]
     },
     "execution_count": 20,
     "metadata": {},
     "output_type": "execute_result"
    }
   ],
   "execution_count": 20
  },
  {
   "metadata": {
    "ExecuteTime": {
     "end_time": "2024-11-10T04:57:09.945304Z",
     "start_time": "2024-11-10T04:57:09.922317Z"
    }
   },
   "cell_type": "code",
   "source": [
    "# normalization\n",
    "emotion_distributes_pro = []\n",
    "for i in emotion_distributes:\n",
    "    total = 0\n",
    "    for j in range(10):\n",
    "        total+=i[j+1]\n",
    "    for j in range(10):\n",
    "        i[j+1] = i[j+1]/total\n",
    "    emotion_distributes_pro.append(i)\n",
    "emotion_distributes_pro"
   ],
   "id": "54fb43b116093b70",
   "outputs": [
    {
     "data": {
      "text/plain": [
       "[[10,\n",
       "  0.7031725336810083,\n",
       "  0.16245110821382008,\n",
       "  0.06918730986527596,\n",
       "  0.042155584528465885,\n",
       "  0.010951760104302478,\n",
       "  0.004432855280312908,\n",
       "  0.004345936549326379,\n",
       "  0.0012168622338113862,\n",
       "  0.0009561060408518036,\n",
       "  0.0011299435028248588],\n",
       " [240,\n",
       "  0.7418660147837728,\n",
       "  0.14096967580466796,\n",
       "  0.05383854257610151,\n",
       "  0.028810895756940808,\n",
       "  0.015249403410744426,\n",
       "  0.00750829404574821,\n",
       "  0.004830917874396135,\n",
       "  0.002968395320412083,\n",
       "  0.002968395320412083,\n",
       "  0.0009894651068040278],\n",
       " [400,\n",
       "  0.77347621407334,\n",
       "  0.14364469772051536,\n",
       "  0.047819623389494546,\n",
       "  0.019697720515361745,\n",
       "  0.00650396432111001,\n",
       "  0.0044598612487611496,\n",
       "  0.0031590683845391476,\n",
       "  0.000867195242814668,\n",
       "  0.0003097125867195243,\n",
       "  6.194251734390486e-05],\n",
       " [440,\n",
       "  0.76221928665786,\n",
       "  0.1232661822985469,\n",
       "  0.0523447820343461,\n",
       "  0.02666776750330251,\n",
       "  0.01642998678996037,\n",
       "  0.007760898282694848,\n",
       "  0.005284015852047556,\n",
       "  0.0037153236459709377,\n",
       "  0.0015686922060766182,\n",
       "  0.0007430647291941875],\n",
       " [550,\n",
       "  0.8027869439033117,\n",
       "  0.11670576074424521,\n",
       "  0.04244026557468294,\n",
       "  0.018387468691607362,\n",
       "  0.008806106627440066,\n",
       "  0.005367153023496204,\n",
       "  0.002941994990657178,\n",
       "  0.0015902675625173936,\n",
       "  0.0007354987476642945,\n",
       "  0.00023854013437760903],\n",
       " [570,\n",
       "  0.6954214696899323,\n",
       "  0.16401356810088813,\n",
       "  0.06216836267927768,\n",
       "  0.03659446297625582,\n",
       "  0.018972821573843404,\n",
       "  0.011639854185139834,\n",
       "  0.005207673577390251,\n",
       "  0.002941631831552872,\n",
       "  0.002097144224408507,\n",
       "  0.0009430111613112078],\n",
       " [620,\n",
       "  0.7834535360348674,\n",
       "  0.1304156073263114,\n",
       "  0.0476573444715405,\n",
       "  0.0212732838686245,\n",
       "  0.008742800809422508,\n",
       "  0.004410314948373372,\n",
       "  0.0023089295906190007,\n",
       "  0.0013230944845120116,\n",
       "  0.00018160120375655062,\n",
       "  0.00023348726197270793],\n",
       " [1250,\n",
       "  0.8215992647058824,\n",
       "  0.1056985294117647,\n",
       "  0.03800551470588235,\n",
       "  0.017417279411764706,\n",
       "  0.008823529411764706,\n",
       "  0.004136029411764706,\n",
       "  0.0022058823529411764,\n",
       "  0.0014246323529411764,\n",
       "  0.0005974264705882353,\n",
       "  9.191176470588235e-05],\n",
       " [4000,\n",
       "  0.7842635015693207,\n",
       "  0.1281431509073199,\n",
       "  0.04000865832100725,\n",
       "  0.023269237706987987,\n",
       "  0.01136404632201739,\n",
       "  0.00660196976802915,\n",
       "  0.004617771203867384,\n",
       "  0.0012626718135574876,\n",
       "  0.00039683971283235327,\n",
       "  7.215267506042787e-05],\n",
       " [8190,\n",
       "  0.8228575432695676,\n",
       "  0.10405717889426108,\n",
       "  0.03510615934412445,\n",
       "  0.01744797141055287,\n",
       "  0.010090393104898045,\n",
       "  0.005605773947165581,\n",
       "  0.003153247845280639,\n",
       "  0.0012612991381122556,\n",
       "  0.00028028869735827904,\n",
       "  0.00014014434867913952],\n",
       " [8870,\n",
       "  0.8330311467979019,\n",
       "  0.10399533769345334,\n",
       "  0.03412549375121414,\n",
       "  0.015411513306999936,\n",
       "  0.006410671501651233,\n",
       "  0.0035291070387878003,\n",
       "  0.0021368905005504112,\n",
       "  0.0010360681214789873,\n",
       "  0.0002913941591659652,\n",
       "  3.237712879621835e-05],\n",
       " [22380,\n",
       "  0.8244906686215218,\n",
       "  0.10409603225510859,\n",
       "  0.03576773878249183,\n",
       "  0.02150340572405999,\n",
       "  0.0074834295488561044,\n",
       "  0.0033599071443843735,\n",
       "  0.002015944286630624,\n",
       "  0.000702526039280369,\n",
       "  0.0004887137664559088,\n",
       "  9.163383121048291e-05],\n",
       " [48700,\n",
       "  0.8293407472293103,\n",
       "  0.10359142323951707,\n",
       "  0.03404806337357657,\n",
       "  0.01793807365654873,\n",
       "  0.00651254903454317,\n",
       "  0.003770423125261835,\n",
       "  0.0023993601706211675,\n",
       "  0.0016376585291541304,\n",
       "  0.000571276231100278,\n",
       "  0.00019042541036675935],\n",
       " [49520,\n",
       "  0.8219592995740653,\n",
       "  0.1069569332702319,\n",
       "  0.03771888310459063,\n",
       "  0.018457169900615238,\n",
       "  0.007004259346900142,\n",
       "  0.003218173213440606,\n",
       "  0.002744912446758164,\n",
       "  0.001183151916706105,\n",
       "  0.0007572172266919072,\n",
       "  0.0],\n",
       " [50300,\n",
       "  0.826378856123056,\n",
       "  0.10563440129174811,\n",
       "  0.03569303985722784,\n",
       "  0.015297017081669074,\n",
       "  0.007903458825529022,\n",
       "  0.004419138268037733,\n",
       "  0.002889436559870825,\n",
       "  0.001189767995240928,\n",
       "  0.000594883997620464,\n",
       "  0.0],\n",
       " [104900,\n",
       "  0.8106060606060606,\n",
       "  0.11694531522117729,\n",
       "  0.035788923719958204,\n",
       "  0.017676767676767676,\n",
       "  0.009317311041448973,\n",
       "  0.005050505050505051,\n",
       "  0.0023510971786833857,\n",
       "  0.0011320097526994078,\n",
       "  0.0008707767328456984,\n",
       "  0.00026123301985370953],\n",
       " [105600,\n",
       "  0.7861789776099912,\n",
       "  0.1211031175059952,\n",
       "  0.04580098297599544,\n",
       "  0.0242419925445782,\n",
       "  0.010708265071111427,\n",
       "  0.0054253626801529075,\n",
       "  0.003478405394496284,\n",
       "  0.0018994705225918276,\n",
       "  0.0008903768074649192,\n",
       "  0.00027304888762257523],\n",
       " [107100,\n",
       "  0.8794350436681223,\n",
       "  0.07546397379912664,\n",
       "  0.025040938864628822,\n",
       "  0.01037117903930131,\n",
       "  0.00484443231441048,\n",
       "  0.002046943231441048,\n",
       "  0.0017057860262008734,\n",
       "  0.0006823144104803493,\n",
       "  0.00034115720524017465,\n",
       "  6.823144104803493e-05],\n",
       " [107410,\n",
       "  0.79584926954668,\n",
       "  0.12201391936798546,\n",
       "  0.04385854912533701,\n",
       "  0.020252053420277135,\n",
       "  0.008276380964323782,\n",
       "  0.005392187597968525,\n",
       "  0.002602044015298765,\n",
       "  0.0012539971158066336,\n",
       "  0.00040754906263715593,\n",
       "  9.404978368549753e-05],\n",
       " [113200,\n",
       "  0.8250717324626496,\n",
       "  0.10453151281290195,\n",
       "  0.035124171366379735,\n",
       "  0.01726526169981201,\n",
       "  0.007667952903927971,\n",
       "  0.005194419709112497,\n",
       "  0.0029682398337785693,\n",
       "  0.0012367665974077372,\n",
       "  0.0006431186306520234,\n",
       "  0.00029682398337785694],\n",
       " [113400,\n",
       "  0.7637623921979527,\n",
       "  0.12670266784879503,\n",
       "  0.047231401628113165,\n",
       "  0.028371080841460467,\n",
       "  0.01176755057628758,\n",
       "  0.009107761747400661,\n",
       "  0.006125574272588055,\n",
       "  0.003223986459256871,\n",
       "  0.0016119932296284356,\n",
       "  0.0020955911985169663],\n",
       " [200510,\n",
       "  0.8247253311428278,\n",
       "  0.10031830783447993,\n",
       "  0.03557860149912722,\n",
       "  0.019457849881918062,\n",
       "  0.00821439572851422,\n",
       "  0.006314816716295308,\n",
       "  0.0031830783447992605,\n",
       "  0.0011808193859739193,\n",
       "  0.0008214395728514221,\n",
       "  0.00020535989321285552],\n",
       " [200710,\n",
       "  0.7654881350533524,\n",
       "  0.12533842968625578,\n",
       "  0.049689440993788817,\n",
       "  0.025959547698678132,\n",
       "  0.013139034878165312,\n",
       "  0.01329829590699156,\n",
       "  0.00461856983596114,\n",
       "  0.0017518713170887085,\n",
       "  0.00039815257206561556,\n",
       "  0.00031852205765249244],\n",
       " [201810,\n",
       "  0.8752677118135869,\n",
       "  0.07221793883320483,\n",
       "  0.02467232074016962,\n",
       "  0.012421828150432622,\n",
       "  0.007281761329563951,\n",
       "  0.00359804677460807,\n",
       "  0.0019703589479996573,\n",
       "  0.0019703589479996573,\n",
       "  0.00042833890173905593,\n",
       "  0.0001713355606956224],\n",
       " [203770,\n",
       "  0.8312014618547282,\n",
       "  0.09578194000304553,\n",
       "  0.03776458047814832,\n",
       "  0.017131110095934217,\n",
       "  0.007994518044769302,\n",
       "  0.004263742957210294,\n",
       "  0.0031216689508146793,\n",
       "  0.0015227653418608193,\n",
       "  0.0011420740063956144,\n",
       "  7.613826709304096e-05],\n",
       " [204360,\n",
       "  0.8086444805194806,\n",
       "  0.10849567099567099,\n",
       "  0.042275432900432904,\n",
       "  0.020359848484848484,\n",
       "  0.010957792207792208,\n",
       "  0.004396645021645022,\n",
       "  0.0023674242424242425,\n",
       "  0.0012851731601731602,\n",
       "  0.0006764069264069264,\n",
       "  0.0005411255411255411],\n",
       " [205100,\n",
       "  0.8320099389618106,\n",
       "  0.09760708691189975,\n",
       "  0.037487171177010746,\n",
       "  0.019769891427645438,\n",
       "  0.0064819316156214555,\n",
       "  0.003997191162966564,\n",
       "  0.0015124507103116728,\n",
       "  0.0006481931615621455,\n",
       "  0.0003781126775779182,\n",
       "  0.00010803219359369092],\n",
       " [206420,\n",
       "  0.7936564717104871,\n",
       "  0.11947773206939724,\n",
       "  0.04268765277529363,\n",
       "  0.024145948846360222,\n",
       "  0.009539140284981816,\n",
       "  0.00441185238180409,\n",
       "  0.003219459846181363,\n",
       "  0.0015501102963095452,\n",
       "  0.001013533655279318,\n",
       "  0.00029809813390568174],\n",
       " [206440,\n",
       "  0.8546990346394094,\n",
       "  0.08801817149346962,\n",
       "  0.028960817717206135,\n",
       "  0.014551391254968767,\n",
       "  0.006601362862010221,\n",
       "  0.0035491198182850655,\n",
       "  0.0019875070982396364,\n",
       "  0.0012067007382169223,\n",
       "  0.00021294718909710392,\n",
       "  0.00021294718909710392],\n",
       " [211820,\n",
       "  0.8533957335655202,\n",
       "  0.08391380060949064,\n",
       "  0.032977797126686983,\n",
       "  0.015346103613408794,\n",
       "  0.006530256856769699,\n",
       "  0.0037004788855028296,\n",
       "  0.002285589899869395,\n",
       "  0.00065302568567697,\n",
       "  0.000979538528515455,\n",
       "  0.00021767522855898998],\n",
       " [212680,\n",
       "  0.8362454761256177,\n",
       "  0.09386309685955559,\n",
       "  0.03012024749970814,\n",
       "  0.017862007238199012,\n",
       "  0.010273572790598125,\n",
       "  0.005603766976689886,\n",
       "  0.003035373779040355,\n",
       "  0.0018679223255632952,\n",
       "  0.000972876211230883,\n",
       "  0.0001556601937969413],\n",
       " [214490,\n",
       "  0.8682873368536416,\n",
       "  0.07821062070339743,\n",
       "  0.027896781906944307,\n",
       "  0.012952077313938428,\n",
       "  0.005579356381388861,\n",
       "  0.0030885722825545483,\n",
       "  0.0015941018232539603,\n",
       "  0.0013948390953472153,\n",
       "  0.0006974195476736076,\n",
       "  0.00029889409186011756],\n",
       " [218230,\n",
       "  0.7986128071118058,\n",
       "  0.11424803399599473,\n",
       "  0.043764958726127096,\n",
       "  0.021100962242954133,\n",
       "  0.009768964001367656,\n",
       "  0.006447516240902652,\n",
       "  0.003028378840423973,\n",
       "  0.001221120500170957,\n",
       "  0.001221120500170957,\n",
       "  0.0005861378400820593],\n",
       " [218620,\n",
       "  0.741353469481151,\n",
       "  0.1283336193581603,\n",
       "  0.05228533836737029,\n",
       "  0.028945712487843944,\n",
       "  0.016291974143355644,\n",
       "  0.010868943424289228,\n",
       "  0.007448086493907671,\n",
       "  0.006098049310680167,\n",
       "  0.00535438476059722,\n",
       "  0.0030204221726445857],\n",
       " [219150,\n",
       "  0.8290570706255715,\n",
       "  0.09741272658813405,\n",
       "  0.03566241729869291,\n",
       "  0.018019471787424024,\n",
       "  0.008821472755634446,\n",
       "  0.006239578290570706,\n",
       "  0.0022053681889086115,\n",
       "  0.0017212629767091603,\n",
       "  0.0006992630842880963,\n",
       "  0.00016136840406648378],\n",
       " [219640,\n",
       "  0.8093234362441493,\n",
       "  0.10845822892534632,\n",
       "  0.036641293555860245,\n",
       "  0.02160654342584275,\n",
       "  0.011110585787906009,\n",
       "  0.00524797881896837,\n",
       "  0.0036877688998156115,\n",
       "  0.0021748380691220272,\n",
       "  0.0011819772114793627,\n",
       "  0.0005673490615100941],\n",
       " [219740,\n",
       "  0.813398033778674,\n",
       "  0.11053692966977564,\n",
       "  0.03680362994706327,\n",
       "  0.018275775144945803,\n",
       "  0.009579026972523318,\n",
       "  0.005419712629190825,\n",
       "  0.0032140156289387446,\n",
       "  0.0018905974287874968,\n",
       "  0.0007562389715149988,\n",
       "  0.00012603982858583313],\n",
       " [220200,\n",
       "  0.8696524600690264,\n",
       "  0.07697246970061802,\n",
       "  0.02865398507103299,\n",
       "  0.013644754795729994,\n",
       "  0.006019744762822056,\n",
       "  0.0032907938036760573,\n",
       "  0.000882895898547235,\n",
       "  0.00024078979051288225,\n",
       "  0.0004815795810257645,\n",
       "  0.00016052652700858816],\n",
       " [221640,\n",
       "  0.8649777535639699,\n",
       "  0.08326523199854717,\n",
       "  0.026604921456460547,\n",
       "  0.011713429583219831,\n",
       "  0.006991737038045945,\n",
       "  0.0034504676291655318,\n",
       "  0.0018160355942976483,\n",
       "  0.0008172160174339417,\n",
       "  0.00027240533914464724,\n",
       "  9.080177971488241e-05],\n",
       " [222880,\n",
       "  0.8368969715416222,\n",
       "  0.09195708415766246,\n",
       "  0.03245320346979151,\n",
       "  0.018300106528686653,\n",
       "  0.0082179272561254,\n",
       "  0.00616344544209405,\n",
       "  0.0028914929234515295,\n",
       "  0.001597930299802161,\n",
       "  0.0011794247450920713,\n",
       "  0.00034241363567189166],\n",
       " [223470,\n",
       "  0.837850966676382,\n",
       "  0.10094238803070048,\n",
       "  0.02972894199941708,\n",
       "  0.015253084620615953,\n",
       "  0.006995045176333431,\n",
       "  0.0051491304770232196,\n",
       "  0.0012629942679490917,\n",
       "  0.0016516078888565045,\n",
       "  0.0010686874574953851,\n",
       "  9.71534052268532e-05],\n",
       " [224260,\n",
       "  0.811973281727948,\n",
       "  0.10937012297896248,\n",
       "  0.0386416130844622,\n",
       "  0.020912666208876957,\n",
       "  0.008864473437792621,\n",
       "  0.0052437730195392974,\n",
       "  0.002684312379049878,\n",
       "  0.001623072601285973,\n",
       "  0.0005618328235220676,\n",
       "  0.00012485173856045944],\n",
       " [225080,\n",
       "  0.8428623853211009,\n",
       "  0.09299082568807339,\n",
       "  0.030311926605504587,\n",
       "  0.014605504587155963,\n",
       "  0.008807339449541285,\n",
       "  0.004844036697247706,\n",
       "  0.0037431192660550457,\n",
       "  0.0010275229357798166,\n",
       "  0.0007339449541284404,\n",
       "  7.339449541284403e-05],\n",
       " [227300,\n",
       "  0.8565862430690844,\n",
       "  0.09296168639792197,\n",
       "  0.026924421799290672,\n",
       "  0.013087566811529047,\n",
       "  0.005694590139367601,\n",
       "  0.002347769618862081,\n",
       "  0.0010490034467256107,\n",
       "  0.0009490983565612668,\n",
       "  0.0003496678155752036,\n",
       "  4.9952545082171936e-05],\n",
       " [227940,\n",
       "  0.7867613376087952,\n",
       "  0.11383417315620706,\n",
       "  0.04420522217132387,\n",
       "  0.02015574896930829,\n",
       "  0.01580393953275309,\n",
       "  0.007787448465414567,\n",
       "  0.006184150251946862,\n",
       "  0.0025194686211635364,\n",
       "  0.0025194686211635364,\n",
       "  0.00022904260192395785],\n",
       " [230410,\n",
       "  0.7966591914153376,\n",
       "  0.11271561209733197,\n",
       "  0.044579045543143375,\n",
       "  0.022614381824659947,\n",
       "  0.011275752939450464,\n",
       "  0.005889380252761302,\n",
       "  0.0033324251252279252,\n",
       "  0.001928195669943202,\n",
       "  0.0007335527005218704,\n",
       "  0.000272462431622409],\n",
       " [231430,\n",
       "  0.7515860068878013,\n",
       "  0.1240710531085735,\n",
       "  0.047127061808954145,\n",
       "  0.033895232916440095,\n",
       "  0.015860068878013413,\n",
       "  0.010422330976980244,\n",
       "  0.007975348921515316,\n",
       "  0.005256479970998732,\n",
       "  0.0029001268805510243,\n",
       "  0.0009062896501721951],\n",
       " [232090,\n",
       "  0.8281148075668624,\n",
       "  0.10600130463144161,\n",
       "  0.03228962818003914,\n",
       "  0.01532941943900848,\n",
       "  0.007175472928897586,\n",
       "  0.003913894324853229,\n",
       "  0.0042400521852576645,\n",
       "  0.002609262883235486,\n",
       "  0.00032615786040443573,\n",
       "  0.0],\n",
       " [232430,\n",
       "  0.8449542928840293,\n",
       "  0.08809822548843879,\n",
       "  0.033249686323713924,\n",
       "  0.014608352751389138,\n",
       "  0.010037641154328732,\n",
       "  0.004212224412977236,\n",
       "  0.0025990320846029755,\n",
       "  0.0013443269403118838,\n",
       "  0.0005377307761247536,\n",
       "  0.000358487184083169],\n",
       " [233450,\n",
       "  0.8495695514272769,\n",
       "  0.09001661380456125,\n",
       "  0.02945174444947893,\n",
       "  0.016613804561244526,\n",
       "  0.006343452650657001,\n",
       "  0.004228968433771334,\n",
       "  0.0024165533907264765,\n",
       "  0.0012082766953632382,\n",
       "  0.00015103458692040478,\n",
       "  0.0],\n",
       " [234140,\n",
       "  0.8790453805821732,\n",
       "  0.07268125112999457,\n",
       "  0.02386548544566986,\n",
       "  0.011028747062014102,\n",
       "  0.007593563550894956,\n",
       "  0.0026215874163804014,\n",
       "  0.0011751943590670765,\n",
       "  0.001446393057313325,\n",
       "  0.0005423973964924968,\n",
       "  0.0],\n",
       " [237930,\n",
       "  0.8808995270726764,\n",
       "  0.06978090917865071,\n",
       "  0.02499758710549175,\n",
       "  0.011871440980600329,\n",
       "  0.005887462600135122,\n",
       "  0.002605926068912267,\n",
       "  0.0021233471672618474,\n",
       "  0.0011581893639610076,\n",
       "  0.0006756104623105878,\n",
       "  0.0],\n",
       " [238320,\n",
       "  0.839435377150419,\n",
       "  0.0886634318482576,\n",
       "  0.03820026466696074,\n",
       "  0.015968239964711074,\n",
       "  0.007763564181737979,\n",
       "  0.004411116012351125,\n",
       "  0.0027348919276576973,\n",
       "  0.0020291133656815175,\n",
       "  0.000529333921482135,\n",
       "  0.0002646669607410675],\n",
       " [238460,\n",
       "  0.8583393787509068,\n",
       "  0.08685616302842446,\n",
       "  0.02888610433291565,\n",
       "  0.014113302116995317,\n",
       "  0.0056057508408626265,\n",
       "  0.003231550484732573,\n",
       "  0.0012530501879575281,\n",
       "  0.0014509002176350326,\n",
       "  0.00019785002967750444,\n",
       "  6.595000989250148e-05],\n",
       " [238960,\n",
       "  0.7085090432011996,\n",
       "  0.14914253584481305,\n",
       "  0.060209914722144126,\n",
       "  0.036172804798050795,\n",
       "  0.02103832817917721,\n",
       "  0.013213382063536689,\n",
       "  0.006512979102239715,\n",
       "  0.0033736294630306437,\n",
       "  0.0014056789429294349,\n",
       "  0.00042170368287883047],\n",
       " [239030,\n",
       "  0.8317238912732475,\n",
       "  0.08699928469241774,\n",
       "  0.03370886981402003,\n",
       "  0.025482832618025753,\n",
       "  0.009567238912732475,\n",
       "  0.008404864091559371,\n",
       "  0.0025929899856938486,\n",
       "  0.0013412017167381974,\n",
       "  0.000178826895565093,\n",
       "  0.0],\n",
       " [239140,\n",
       "  0.8409090909090909,\n",
       "  0.08394758394758395,\n",
       "  0.03364728364728365,\n",
       "  0.016994266994266993,\n",
       "  0.008736008736008737,\n",
       "  0.0055965055965055965,\n",
       "  0.0042997542997543,\n",
       "  0.0022522522522522522,\n",
       "  0.002184002184002184,\n",
       "  0.0014332514332514332],\n",
       " [239820,\n",
       "  0.8914425066509015,\n",
       "  0.06924327519952704,\n",
       "  0.02135678391959799,\n",
       "  0.010124150162577594,\n",
       "  0.004433934377771209,\n",
       "  0.0019213715637008573,\n",
       "  0.0009606857818504287,\n",
       "  0.0003694945314809341,\n",
       "  0.00014779781259237365,\n",
       "  0.0],\n",
       " [242920,\n",
       "  0.8,\n",
       "  0.10846715328467153,\n",
       "  0.037664233576642336,\n",
       "  0.0227007299270073,\n",
       "  0.013941605839416059,\n",
       "  0.008394160583941606,\n",
       "  0.004598540145985402,\n",
       "  0.0029927007299270073,\n",
       "  0.0012408759124087592,\n",
       "  0.0],\n",
       " [244850,\n",
       "  0.8716216216216216,\n",
       "  0.08783783783783784,\n",
       "  0.033783783783783786,\n",
       "  0.006756756756756757,\n",
       "  0.0,\n",
       "  0.0,\n",
       "  0.0,\n",
       "  0.0,\n",
       "  0.0,\n",
       "  0.0],\n",
       " [250320,\n",
       "  0.8219321646341463,\n",
       "  0.10766006097560976,\n",
       "  0.03467987804878049,\n",
       "  0.01714939024390244,\n",
       "  0.009717987804878049,\n",
       "  0.00390625,\n",
       "  0.002572408536585366,\n",
       "  0.0019054878048780487,\n",
       "  0.0004763719512195122,\n",
       "  0.0],\n",
       " [250900,\n",
       "  0.8076506988619153,\n",
       "  0.11385174607295859,\n",
       "  0.03894586524730624,\n",
       "  0.01994893764334242,\n",
       "  0.00865463672162361,\n",
       "  0.005928426154312173,\n",
       "  0.0025531178328789647,\n",
       "  0.0013847418754597775,\n",
       "  0.000908736855770479,\n",
       "  0.00017309273443247218],\n",
       " [252490, 1.0, 0.0, 0.0, 0.0, 0.0, 0.0, 0.0, 0.0, 0.0, 0.0],\n",
       " [252950,\n",
       "  0.8475580225757181,\n",
       "  0.09190477964460009,\n",
       "  0.030901911112766828,\n",
       "  0.01698766903848303,\n",
       "  0.006239988078828745,\n",
       "  0.0030734269641992324,\n",
       "  0.0018813098386916513,\n",
       "  0.0007823268636143501,\n",
       "  0.0005588049025816787,\n",
       "  0.00011176098051633573],\n",
       " [255710,\n",
       "  0.8208688334911118,\n",
       "  0.08919743347007468,\n",
       "  0.03234458819816977,\n",
       "  0.023877143157673295,\n",
       "  0.013884506153360681,\n",
       "  0.009940044177974124,\n",
       "  0.005995582202587567,\n",
       "  0.0026296413169243716,\n",
       "  0.001104449353108236,\n",
       "  0.0001577784790154623],\n",
       " [264710, 0.5, 0.5, 0.0, 0.0, 0.0, 0.0, 0.0, 0.0, 0.0, 0.0],\n",
       " [265630,\n",
       "  0.7400039200313603,\n",
       "  0.17218737749902,\n",
       "  0.042630341042728344,\n",
       "  0.020776166209329674,\n",
       "  0.009212073696589572,\n",
       "  0.006468051744413956,\n",
       "  0.003920031360250882,\n",
       "  0.002352018816150529,\n",
       "  0.001862014896119169,\n",
       "  0.0005880047040376323],\n",
       " [265930,\n",
       "  0.8573446327683616,\n",
       "  0.08391492190096378,\n",
       "  0.027957793286806247,\n",
       "  0.01607676969092722,\n",
       "  0.008349950149551345,\n",
       "  0.003074111000332336,\n",
       "  0.002534064473246926,\n",
       "  0.0005400465270854104,\n",
       "  0.0001246261216350947,\n",
       "  8.308408109006314e-05],\n",
       " [268500,\n",
       "  0.8717780485518792,\n",
       "  0.07114068797450558,\n",
       "  0.02549442309494798,\n",
       "  0.014902989970943857,\n",
       "  0.008435654700534258,\n",
       "  0.003561720873558909,\n",
       "  0.0025306964101602775,\n",
       "  0.0008435654700534258,\n",
       "  0.0009372949667260286,\n",
       "  0.00037491798669041145],\n",
       " [271590,\n",
       "  0.7838095920169973,\n",
       "  0.12163097710616153,\n",
       "  0.04688581727899926,\n",
       "  0.023108692019384564,\n",
       "  0.011530473393969778,\n",
       "  0.00627849793501874,\n",
       "  0.003175057891093127,\n",
       "  0.0021246627993029197,\n",
       "  0.0010981403232352169,\n",
       "  0.00035808923583757074],\n",
       " [273350,\n",
       "  0.7986908810883655,\n",
       "  0.10678303279214528,\n",
       "  0.040171982288391195,\n",
       "  0.022396200988256433,\n",
       "  0.014952191490727074,\n",
       "  0.007058974523519219,\n",
       "  0.004941282166463454,\n",
       "  0.002246037348392479,\n",
       "  0.0024385548353975488,\n",
       "  0.00032086247834178273],\n",
       " [275850,\n",
       "  0.8688886165911041,\n",
       "  0.07772740268757913,\n",
       "  0.027039170036351753,\n",
       "  0.011967487644488012,\n",
       "  0.006739370175223624,\n",
       "  0.0033084180860188704,\n",
       "  0.0020830780541600293,\n",
       "  0.001388718702773353,\n",
       "  0.0006943593513866765,\n",
       "  0.00016337867091451212],\n",
       " [282070,\n",
       "  0.8694569927168803,\n",
       "  0.075043790909929,\n",
       "  0.028671522079837742,\n",
       "  0.014658430902553702,\n",
       "  0.005070526412833042,\n",
       "  0.0032266986263482992,\n",
       "  0.0024891675117544023,\n",
       "  0.0008297225039181341,\n",
       "  0.0005531483359454227,\n",
       "  0.0],\n",
       " [287700,\n",
       "  0.8350408507327195,\n",
       "  0.10037608611075087,\n",
       "  0.028854882635196474,\n",
       "  0.017377772014005966,\n",
       "  0.007002982751912852,\n",
       "  0.0038905459732849175,\n",
       "  0.003242121644404098,\n",
       "  0.0020101154195305408,\n",
       "  0.0012320062248735572,\n",
       "  0.0009726364933212294],\n",
       " [292030,\n",
       "  0.8389685900271756,\n",
       "  0.09328193136573343,\n",
       "  0.037729886873538517,\n",
       "  0.015515388990709726,\n",
       "  0.007457498578019339,\n",
       "  0.00366555014851798,\n",
       "  0.0019907729254882134,\n",
       "  0.000916387537129495,\n",
       "  0.00044239398344182517,\n",
       "  3.159957024584466e-05],\n",
       " [304050,\n",
       "  0.7920050963529225,\n",
       "  0.12008281573498965,\n",
       "  0.04220417263895525,\n",
       "  0.022933588150979456,\n",
       "  0.009927270796836014,\n",
       "  0.006158093114614854,\n",
       "  0.003238307586133673,\n",
       "  0.002654350480437437,\n",
       "  0.0005308700960874874,\n",
       "  0.0002654350480437437],\n",
       " [311210,\n",
       "  0.7776035649447104,\n",
       "  0.12361775870605711,\n",
       "  0.04716124773064862,\n",
       "  0.024467733949496615,\n",
       "  0.0136986301369863,\n",
       "  0.0059415745172470705,\n",
       "  0.0037960059415745174,\n",
       "  0.002021785773229906,\n",
       "  0.001279088958574022,\n",
       "  0.000412609341475491],\n",
       " [322330,\n",
       "  0.8038005522169888,\n",
       "  0.11076823128146825,\n",
       "  0.04320285853500081,\n",
       "  0.02273834659736885,\n",
       "  0.00844567159330843,\n",
       "  0.004872502842293324,\n",
       "  0.0025986681825564397,\n",
       "  0.0022738346597368847,\n",
       "  0.0011369173298684423,\n",
       "  0.00016241676140977748],\n",
       " [333930,\n",
       "  0.7911870008262186,\n",
       "  0.11137427705866153,\n",
       "  0.0443404020930873,\n",
